0    0
0.0388430882475306    0.042248076417693244
0.08410804124799379    0.06123730234230497
0.12937299424845697    0.07481115036794703
0.17463794724892015    0.08561720654902147
0.21990290024938333    0.09463558050173794
0.26516785324984654    0.1023638555024214
0.3104328062503097    0.10909811102442407
0.3556977592507729    0.1150326744969098
0.4009627122512361    0.12030394611712387
0.44622766525169927    0.12501247471374963
0.49149261825216245    0.1292352040890749
0.5367575712526257    0.13303277479626946
0.5820225242530889    0.1364541294637913
0.627287477253552    0.13953955149798233
0.6725524302540152    0.1423227458302392
0.7178173832544784    0.14483230862887722
0.7630823362549416    0.1470927931742189
0.8083472892554048    0.14912550062747332
0.853612242255868    0.1509490784204936
0.8988771952563311    0.15257998100883177
0.9441421482567943    0.15403283015223823
0.9894071012572575    0.155320700530095
1.0346720542577208    0.15645534897721197
1.079937007258184    0.1574474005313939
1.1252019602586472    0.15830650096506815
1.1704669132591103    0.1590414429980491
1.2157318662595735    0.15966027161892446
1.2609968192600367    0.1601703726584724
1.3062617722604999    0.16057854781398814
1.351526725260963    0.16089107861988317
1.3967916782614263    0.1611137813298424
1.4420566312618894    0.16125205427214262
1.4873215842623526    0.16131091892925334
1.5325865372628158    0.1612950557518248
1.577851490263279    0.16120883552846876
1.6231164432637422    0.16105634698379792
1.6683813962642053    0.1608414211587495
1.7136463492646685    0.16056765303235923
1.7589113022651317    0.16023842076767278
1.8041762552655949    0.15985690290243101
1.849441208266058    0.15942609375452543
1.8947061612665212    0.15894881727065427
1.9399711142669844    0.1584277395123163
1.9852360672674476    0.15786537994483738
2.030501020267911    0.15726412167142736
2.0757659732683744    0.1566262207344252
2.121030926268838    0.15595381458921448
2.1662958792693012    0.15524892984220834
2.2115608322697646    0.15451348933237236
2.256825785270228    0.153749318625598
2.3020907382706914    0.15295815198257226
2.347355691271155    0.15214163785336038
2.3926206442716182    0.1513013439455329
2.4378855972720817    0.15043876190716107
2.483150550272545    0.1495553116612418
2.5284155032730085    0.14865234542397882
2.573680456273472    0.14773115143575097
2.6189454092739353    0.14679295743046195
2.6642103622743987    0.14583893386621977
2.709475315274862    0.1448701969378883
2.7547402682753255    0.1438878113899383
2.800005221275789    0.1428927931461587
2.8452701742762523    0.14188611177114474
2.8905351272767157    0.1408686927770204
2.935800080277179    0.1398414197875609
2.9810650332776425    0.13880513657073043
3.026329986278106    0.13776064894962925
3.0715949392785693    0.13670872660092856
3.1168598922790327    0.13565010474905653
3.162124845279496    0.13458548576366733
3.2073897982799595    0.1335155406672688
3.252654751280423    0.13244091055929474
3.2979197042808863    0.13136220796237658
3.3431846572813497    0.1302800180960912
3.388449610281813    0.1291949000830289
3.4337145632822765    0.12810738809163438
3.47897951628274    0.12701799241991912
3.5242444692832033    0.12592720052382322
3.5695094222836667    0.12483547799371152
3.61477437528413    0.12374326948222408
3.6600393282845936    0.12265099958645881
3.705304281285057    0.12155907368724334
3.7505692342855204    0.12046787874805219
3.7958341872859838    0.11937778407594049
3.841099140286447    0.11828914204669636
3.8863640932869106    0.11720228879626104
3.931629046287374    0.11611754488032229
3.9768939992878374    0.11503521590385692
4.022158952288301    0.11395559312227821
4.067423905288764    0.11287895401573449
4.112688858289227    0.11180556283800137
4.15795381128969    0.11073567114131908
4.203218764290153    0.10966951827843674
4.248483717290616    0.10860733188304751
4.2937486702910785    0.10754932832972366
4.3390136232915415    0.10649571317439122
4.3842785762920045    0.10544668157632107
4.429543529292467    0.10440241870255496
4.47480848229293    0.10336310011562744
4.520073435293393    0.1023288921453969
4.565338388293856    0.10129995224574938
4.610603341294319    0.10027642933689533
4.655868294294782    0.09925846413393827
4.701133247295245    0.09824618946235614
4.746398200295708    0.09723973056099992
4.791663153296171    0.09623920537318076
4.836928106296634    0.09524472482638634
4.882193059297097    0.09425639310113611
4.92745801229756    0.09327430788946013
4.972722965298023    0.09229856064345855
5.017987918298486    0.09132923681437564
5.063252871298949    0.09036641608259957
5.108517824299412    0.08941017257897846
5.153782777299875    0.08846057509782225
5.199047730300338    0.08751768730194211
5.244312683300801    0.08658156792006179
5.289577636301264    0.08565227093691775
5.334842589301727    0.08472984577635002
5.38010754230219    0.0838143374776714
5.4253724953026525    0.08290578686558797
5.4706374483031155    0.08200423071393113
5.5159024013035785    0.08110970190344993
5.561167354304041    0.0802222295738991
5.606432307304504    0.07934183927064892
5.651697260304967    0.07846855308603172
5.69696221330543    0.07760238979563032
5.742227166305893    0.07674336498970424
5.787492119306356    0.07589149119994094
5.832757072306819    0.07504677802171084
5.878022025307282    0.07420923223199709
5.923286978307745    0.07337885790316354
5.968551931308208    0.07255565651271709
6.013816884308671    0.07173962704921431
6.059081837309134    0.07093076611445519
6.104346790309597    0.07012906802210138
6.14961174331006    0.0693345248928502
6.194876696310523    0.06854712674629015
6.240141649310986    0.0677668615895587
6.285406602311449    0.066993715502918
6.330671555311912    0.06622767272235919
6.375936508312375    0.0654687157193421
6.421201461312838    0.06471682527777228
6.466466414313301    0.06397198056831312
6.511731367313764    0.06323415922012764
6.5569963203142265    0.0625033373901402
6.6022612733146895    0.06177948982990478
6.647526226315152    0.06106258995016337
6.692791179315615    0.06035260988317512
6.738056132316078    0.05964952054289258
6.783321085316541    0.05895329168305992
6.828586038317004    0.05826389195330428
6.873850991317467    0.05758128895328863
6.91911594431793    0.0569054492849925
6.964380897318393    0.056236338603184347
7.009645850318856    0.05557392166414618
7.054910803319319    0.05491816237271006
7.100175756319782    0.05426902382766304
7.145440709320245    0.05362646836557508
7.190705662320708    0.052990457603102996
7.235970615321171    0.052360952477821146
7.281235568321634    0.05173791328762766
7.326500521322097    0.05112129972877383
7.37176547432256    0.05051107093256204
7.417030427323023    0.04990718550075594
7.462295380323486    0.049309601539745805
7.507560333323949    0.0487182766935095
7.552825286324412    0.048133168175408685
7.598090239324875    0.0475542327988586
7.6433551923253376    0.04698142700690778
7.6886201453258005    0.04641470690076358
7.7338850983262635    0.04585402826729761
7.779150051326726    0.04529934660556443
7.824415004327189    0.044750617152365176
7.869679957327652    0.04420779490688719
7.914944910328115    0.043670834654449875
7.960209863328578    0.04313969098938483
8.005474816329041    0.042614318337079064
8.050739769329505    0.042094670975207596
8.096004722329969    0.04158070305418191
8.141269675330433    0.04107236861683922
8.186534628330897    0.040569621617397106
8.23179958133136    0.04007241593969701
8.277064534331824    0.03958070541475937
8.322329487332288    0.03909444383767256
8.367594440332752    0.038613584983836824
8.412859393333216    0.038138082624584034
8.45812434633368    0.03766789054219306
8.503389299334144    0.03720296254432026
8.548654252334607    0.036743252477863655
8.593919205335071    0.03628871424227904
8.639184158335535    0.03583930180236548
8.684449111335999    0.035394969200537134
8.729714064336463    0.03495567056859804
8.774979017336927    0.034521360139035416
8.82024397033739    0.034091992255847366
8.865508923337854    0.0336675213849194
8.910773876338318    0.03324790212396471
8.956038829338782    0.03283308921204178
9.001303782339246    0.03242303753866328
9.04656873533971    0.03201770215250899
9.091833688340174    0.031617038269755815
9.137098641340637    0.03122100128203714
9.182363594341101    0.030829546764043227
9.227628547341565    0.03044263048077468
9.272893500342029    0.030060208394459748
9.318158453342493    0.029682236671146695
9.363423406342957    0.02930867168698154
9.40868835934342    0.02893947003418149
9.453953312343884    0.028574588526713997
9.499218265344348    0.028213984205690917
9.544483218344812    0.027857614344487178
9.589748171345276    0.027505436453592897
9.63501312434574    0.02715740828520787
9.680278077346204    0.02681348783758655
9.725543030346667    0.026473633359142143
9.770807983347131    0.026137803352317523
9.816072936347595    0.02580595657723079
9.861337889348059    0.025478052055102864
9.906602842348523    0.0251540490714746
9.951867795348987    0.024833907179220165
9.99713274834945    0.024517586201363774
10.042397701349914    0.02420504623370624
10.087662654350378    0.023896247647267825
10.132927607350842    0.023591151090553618
10.178192560351306    0.023289717491647478
10.22345751335177    0.022991908060140367
10.268722466352234    0.022697684288898807
10.313987419352697    0.022407007955678973
10.359252372353161    0.022119841124591647
10.404517325353625    0.021836146147423383
10.449782278354089    0.021555885664818832
10.495047231354553    0.021279022607329036
10.540312184355017    0.021005520196330542
10.58557713735548    0.020735341944819827
10.630842090355944    0.020468451658087552
10.676107043356408    0.020204813434276877
10.721371996356872    0.01994439166483007
10.766636949357336    0.01968715103482749
10.8119019023578    0.01943305652322283
10.857166855358264    0.019182073402978415
10.902431808358727    0.018934167241104347
10.947696761359191    0.01868930389860502
10.992961714359655    0.018447449530336432
11.038226667360119    0.018208570584777806
11.083491620360583    0.017972633803720703
11.128756573361047    0.017739606221878756
11.17402152636151    0.01750945516642122
11.219286479361974    0.017282148256433226
11.264551432362438    0.017057653402305688
11.309816385362902    0.01683593880505761
11.355081338363366    0.016616972955593574
11.40034629136383    0.01640072463389902
11.445611244364294    0.01618716290817582
11.490876197364758    0.015976257133920764
11.536141150365221    0.015767976952949153
11.581406103365685    0.015562292292366045
11.626671056366149    0.015359173363487242
11.671936009366613    0.015158590660712302
11.717200962367077    0.014960514960351638
11.76246591536754    0.014764917319409793
11.807730868368004    0.014571769074326878
11.852995821368468    0.014381041839680074
11.898260774368932    0.014192707506847093
11.943525727369396    0.01400673824263339
11.98879068036986    0.013823106487864919
12.034055633370324    0.013641784955948042
12.079320586370788    0.013462746631398353
12.124585539371251    0.013285964768339913
12.169850492371715    0.013111412888976496
12.215115445372179    0.012939064782036313
12.260380398372643    0.012768894501191645
12.305645351373107    0.012600876363454867
12.35091030437357    0.012434984947552082
12.396175257374034    0.012271195092275821
12.441440210374498    0.012109481894817963
12.486705163374962    0.011949820709084182
12.531970116375426    0.011792187143991065
12.57723506937589    0.011636557061747068
12.622500022376354    0.011482906576118414
12.667764975376818    0.011331212050681029
12.713029928377281    0.011181450097059537
12.758294881377745    0.011033597573154297
12.803559834378209    0.010887631581357535
12.848824787378673    0.010743529466759414
12.894089740379137    0.010601268815345006
12.9393546933796    0.01046082745218304
12.984619646380064    0.010322183439607268
13.029884599380528    0.010185315075391253
13.075149552380992    0.010050200890917382
13.120414505381456    0.009916819649340896
13.16567945838192    0.00978515034374961
13.210944411382384    0.009655172195320099
13.256209364382848    0.009526864651470996
